%YAML:1.0
---
Camera_SensorType: Omnidir
Camera_NumType: Stereo
K_l: !!opencv-matrix
   rows: 3
   cols: 3
   dt: d
   data: [ 6428.1230593630316, 4.1541316392962324, 342.69740039757568,
       0., 6423.6079559687978, 236.08119849205787, 0., 0., 1. ]
D_l: !!opencv-matrix
   rows: 1
   cols: 4
   dt: d
   data: [ 15.188889742991808, -57.283299082141973, 0.016561059590346806,
       -0.0123931551837939 ]
K_r: !!opencv-matrix
   rows: 3
   cols: 3
   dt: d
   data: [ -4355.8714035377625, 2.9582748016198375, 327.39182606530198,
       0., -4344.190156717832, 250.83458372425946, 0., 0., 1. ]
D_r: !!opencv-matrix
   rows: 1
   cols: 4
   dt: d
   data: [ 71.320839855330561, -375.96028560655316,
       0.0031811275994669832, -0.00084869034042017212 ]
xi_l: !!opencv-matrix
   rows: 1
   cols: 1
   dt: d
   data: [ 11.084652409977075 ]
xi_r: !!opencv-matrix
   rows: 1
   cols: 1
   dt: d
   data: [ -9.4062548832105364 ]
R: !!opencv-matrix
   rows: 3
   cols: 3
   dt: d
   data: [ 0.99998255558416838, 0.0037094134792032313,
       0.0045966051598931214, -0.0036802613172379722,
       0.99997316505037548, -0.006334418345141344,
       -0.0046199787870175885, 0.0063173911367531109,
       0.99996937271360109 ]
t: !!opencv-matrix
   rows: 3
   cols: 1
   dt: d
   data: [ -0.066545126524589243, 0.00075121938255482312,
       -0.00012082370133863966 ]
height: 480
width: 640
