%YAML:1.0
---
Camera_SensorType: Fisheye
Camera_NumType: Monocular
K_l: !!opencv-matrix
   rows: 3
   cols: 3
   dt: d
   data: [ 1169.6026924035689, -1.736996766917533, 1102.2399216197184,
       0., 1170.4866301470836, 622.46639494839155, 0., 0., 1. ]
D_l: !!opencv-matrix
   rows: 4
   cols: 1
   dt: d
   data: [ 0.043441603554877861, 1.8831551340387223, -13.779010767052965,
       38.447150355653321 ]
height: 1242
width: 2208
