%YAML:1.0
---
Camera_SensorType: Omnidir
Camera_NumType: Stereo
K_l: !!opencv-matrix
   rows: 3
   cols: 3
   dt: d
   data: [ 2442.7274518276477, 0.33205570670678669, 1093.9197504195286,
       0., 2445.1536084513841, 611.50311259839748, 0., 0., 1. ]
D_l: !!opencv-matrix
   rows: 1
   cols: 4
   dt: d
   data: [ 0.21074624440358439, -0.76720124723901795,
       0.0013562028437116161, -0.00030431238408014914 ]
K_r: !!opencv-matrix
   rows: 3
   cols: 3
   dt: d
   data: [ 4376.3618086408269, -1.6179087525982443, 1060.0244712641877,
       0., 4380.5521884290165, 606.3013860779331, 0., 0., 1. ]
D_r: !!opencv-matrix
   rows: 1
   cols: 4
   dt: d
   data: [ 1.909131360855959, -3.7691097301227998, 0.0026069272485883181,
       -0.0020409283685599183 ]
xi_l: !!opencv-matrix
   rows: 1
   cols: 1
   dt: d
   data: [ 0.77135535880284756 ]
xi_r: !!opencv-matrix
   rows: 1
   cols: 1
   dt: d
   data: [ 2.1739120235892289 ]
R: !!opencv-matrix
   rows: 3
   cols: 3
   dt: d
   data: [ 0.99994830196232376, 0.00097904575665235471,
       0.01012101141545326, -0.0010777341825673134, 0.99995188688253467,
       0.0097499953379597288, -0.010110978770479154,
       -0.0097603990422979892, 0.99990124648329048 ]
t: !!opencv-matrix
   rows: 3
   cols: 1
   dt: d
   data: [ -0.059864438733229941, 9.9762623435614356e-05,
       -0.00029981562802205812 ]
height: 1242
width: 2208
